<Ticker>,<DTYYYYMMDD>,<Open>,<High>,<Low>,<Close>,<Volume>
AAA,20120411,21.7,21.9,21,21.6,312900
ACB,20120411,25.2,25.8,25.2,25.6,743400
ADC,20120411,8.7,8.7,8.7,8.7,1000
AGC,20120411,3.1,3.2,3.1,3.2,47700
ALT,20120411,10.8,10.8,10.6,10.7,3100
ALV,20120411,5.2,5.4,5.2,5.3,12100
AMC,20120411,15.7,0,0,15.7,0
AME,20120411,3.3,3.3,2.9,3.3,11900
AMV,20120411,4.4,4.5,4.3,4.5,9700
APG,20120411,4.6,4.7,4.4,4.7,60800
API,20120411,4.5,4.7,4.5,4.7,410500
APP,20120411,11.5,0,0,11.5,0
APS,20120411,5.1,5.1,4.8,5,1149700
ARM,20120411,15,15,15,15,2100
ASA,20120411,14.3,0,0,14.3,0
AVS,20120411,5,5.1,4.9,5.1,1236500
B82,20120411,9.8,9.9,9.8,9.9,1200
BBS,20120411,7.1,7.3,7.1,7.3,300
BCC,20120411,4.7,4.9,4.7,4.9,872500
BDB,20120411,6.2,6.2,6.2,6.2,1000
BED,20120411,11,0,0,11,0
BHC,20120411,4.7,4.7,4.5,4.5,700
BHT,20120411,8.4,8.4,8.4,8.4,400
BHV,20120411,13.2,0,0,13.2,0
BKC,20120411,10,10.4,10,10.4,153600
BLF,20120411,4.6,4.6,4.5,4.5,15600
BPC,20120411,7.5,7.8,7.5,7.7,4700
BSC,20120411,7.9,0,0,7.9,0
BST,20120411,9.8,9.8,9.8,9.8,200
BTH,20120411,6.6,6.6,5.8,6.6,5000
BTS,20120411,4.4,4.6,4.4,4.5,20800
BVG,20120411,3.8,3.9,3.8,3.9,10900
BVS,20120411,15.5,16.1,15.3,15.7,1261800
BXH,20120411,14.2,0,0,14.2,0
C92,20120411,9,9.5,9,9.5,16500
CAN,20120411,31.6,33.8,31,33.8,3700
CAP,20120411,24.3,24.3,24.3,24.3,13400
CCM,20120411,9.7,9.8,9,9.7,27500
CIC,20120411,4.1,4.3,4.1,4.3,106700
CID,20120411,7.7,0,0,7.7,0
CJC,20120411,18.5,0,0,18.5,0
CKV,20120411,7,7.1,7,7.1,4100
CMC,20120411,5.3,5.5,5.3,5.5,39300
CMI,20120411,4.9,5,4.6,4.9,50000
CMS,20120411,9.5,9.5,9.5,9.5,1600
CPC,20120411,12.2,12.4,12,12.4,25400
CSC,20120411,10,10.4,10,10.4,5800
CT6,20120411,10,10.1,10,10.1,1400
CTA,20120411,4.9,4.9,4.5,4.7,34900
CTB,20120411,17,17,17,17,1900
CTC,20120411,7,7.2,7,7.2,24400
CTM,20120411,5.3,5.7,5.3,5.7,76000
CTN,20120411,4.8,4.9,4.6,4.9,46000
CTS,20120411,10,10.2,9.8,10,279800
CTV,20120411,4,4,4,4,100
CVN,20120411,21.4,21.4,21.4,21.4,100
CVT,20120411,12.2,12.2,11.8,12,55800
CX8,20120411,4.3,4.4,4.3,4.4,1500
D11,20120411,20.8,20.8,20.8,20.8,3200
DAC,20120411,16,16.2,16,16.2,2000
DAD,20120411,7.2,7.2,7,7.2,15700
DAE,20120411,8.9,8.9,8.2,8.2,1100
DBC,20120411,21.5,22.1,21.5,22.1,329800
DBT,20120411,15.5,15.5,15.3,15.3,1700
DC2,20120411,8.5,8.6,8.5,8.6,8500
DC4,20120411,7.8,8,7.7,8,6900
DCS,20120411,6.4,6.6,6.3,6.6,1662600
DHI,20120411,4.8,0,0,4.8,0
DHT,20120411,35,35.2,35,35.2,1000
DID,20120411,5.7,5.9,5.7,5.9,19700
DIH,20120411,18.7,18.8,18.5,18.8,30700
DL1,20120411,13.2,13.2,13.2,13.2,100
DLR,20120411,15.1,0,0,15.1,0
DNC,20120411,7.2,0,0,7.2,0
DNM,20120411,11.4,11.4,11.4,11.4,200
DNP,20120411,18.1,18.5,18,18.1,700
DNY,20120411,11.7,11.8,11.7,11.7,4600
DPC,20120411,13,13.3,13,13.3,300
DST,20120411,4.6,4.6,4.6,4.6,600
DTC,20120411,10.5,10.7,10.4,10.6,12400
DXP,20120411,23.5,23.6,23.4,23.5,22000
DZM,20120411,12,12,11.6,11.9,29500
EBS,20120411,6.2,6.2,6,6.1,42800
ECI,20120411,10.1,10.1,10.1,10.1,37000
EFI,20120411,6.7,6.8,6.7,6.8,38200
EID,20120411,7.6,7.6,7.6,7.6,6900
FDT,20120411,20,0,0,20,0
FLC,20120411,24.8,24.8,23.9,24.6,140100
GBS,20120411,15.3,16.2,14.8,15.9,202500
GFC,20120411,8.9,0,0,8.9,0
GGG,20120411,2.9,2.9,2.8,2.9,49300
GLT,20120411,14.2,14.2,14,14,2600
GMX,20120411,10.3,10.6,10,10.6,17600
HAD,20120411,23.5,0,0,23.5,0
HAT,20120411,22.5,22.5,22.5,22.5,1500
HBB,20120411,6.9,7.1,6.8,7.1,11148900
HBD,20120411,12.4,12.4,12.4,12.4,1000
HBE,20120411,4.3,0,0,4.3,0
HBS,20120411,11,11,10.9,11,60400
HCC,20120411,11,11.2,11,11.2,7000
HCT,20120411,7,7.5,6.7,6.7,2500
HDA,20120411,8,0,0,8,0
HDO,20120411,10.9,10.9,10.5,10.9,333100
HEV,20120411,9.8,10.2,9.8,10,4000
HGM,20120411,86,92.5,86,92.5,300
HHC,20120411,23.3,23.4,22.3,23.4,35300
HHG,20120411,3.6,3.6,3.4,3.6,8600
HHL,20120411,2.8,2.8,2.6,2.6,52700
HJS,20120411,6.5,6.6,6.4,6.6,129500
HLC,20120411,11.5,12.2,11.5,12.2,24100
HLY,20120411,15.6,0,0,15.6,0
HMH,20120411,14.2,14.5,14.2,14.5,43300
HNM,20120411,7.6,7.9,7.5,7.9,87700
HOM,20120411,6.7,6.9,6.6,6.9,158300
HPB,20120411,9.6,9.6,9.5,9.5,6500
HPC,20120411,5.4,5.4,5.2,5.4,502300
HPR,20120411,12.8,12.8,12.8,12.8,1900
HPS,20120411,5.9,0,0,5.9,0
HST,20120411,5,5,5,5,300
HTB,20120411,42.1,42.1,42.1,42.1,8500
HTC,20120411,14.3,14.3,14.3,14.3,4000
HTP,20120411,4.1,4.2,4.1,4.2,9900
HUT,20120411,10.9,11.1,10.7,11.1,715800
HVT,20120411,10.1,0,0,10.1,0
ICG,20120411,10.7,11.1,10.6,11.1,1096400
IDJ,20120411,4.9,5.1,4.8,5.1,1589300
IDV,20120411,19.1,0,0,19.1,0
ILC,20120411,6.8,0,0,6.8,0
INC,20120411,5.2,5.2,5.2,5.2,200
INN,20120411,15.7,15.8,15.7,15.8,5100
IVS,20120411,6.3,6.6,6.2,6.6,431600
KBT,20120411,15.4,15.4,15.4,15.4,100
KHB,20120411,8,8.4,7.9,8.2,397100
KHL,20120411,4.5,4.5,4.1,4.3,8100
KKC,20120411,11,11.4,11,11.4,48800
KLS,20120411,12.6,13,12.5,12.7,5477000
KMT,20120411,6.4,6.6,6.4,6.6,2200
KSD,20120411,4.7,5,4.7,4.9,791300
KST,20120411,6.7,0,0,6.7,0
KTS,20120411,34.5,34.5,34.5,34.5,100
KTT,20120411,3.7,3.9,3.6,3.6,2000
L14,20120411,6.8,0,0,6.8,0
L18,20120411,10.6,10.8,10.3,10.7,7500
L35,20120411,5.2,5.4,5.1,5.3,23700
L43,20120411,8.5,8.5,8.4,8.5,3000
L44,20120411,8,8.2,8,8.2,14100
L61,20120411,7.3,7.5,7.3,7.5,4200
L62,20120411,8.4,0,0,8.4,0
LAS,20120411,25.8,26,25.2,26,65300
LBE,20120411,9.7,9.7,9.7,9.7,600
LCD,20120411,6.8,0,0,6.8,0
LCS,20120411,14,14,14,14,89000
LDP,20120411,27.7,0,0,27.7,0
LHC,20120411,24.4,24.9,23.5,24.9,2700
LIG,20120411,9.2,9.5,9,9.5,260400
LM3,20120411,3.4,3.4,3.1,3.4,18000
LM7,20120411,3.8,4,3.8,4,9900
LO5,20120411,3.6,3.8,3.6,3.8,1100
LTC,20120411,7,7.2,6.9,7,42100
LUT,20120411,7.4,7.7,7.3,7.7,78000
MAC,20120411,4,4,3.9,4,57500
MAX,20120411,8,8.4,8,8.4,330500
MCC,20120411,12.3,0,0,12.3,0
MCF,20120411,8.9,0,0,8.9,0
MCL,20120411,3.2,3.4,3.2,3.4,1800
MCO,20120411,4,4,3.9,3.9,7900
MDC,20120411,14,14.6,14,14.6,22300
MEC,20120411,6.2,6.3,6,6.3,8500
MHL,20120411,8.4,0,0,8.4,0
MIC,20120411,14.3,14.4,14.3,14.4,71200
MIH,20120411,10.4,10.4,10.2,10.2,2300
MIM,20120411,8.4,8.7,8.3,8.3,600
MKV,20120411,4.7,4.7,4.7,4.7,1000
MMC,20120411,6.5,6.5,6.5,6.5,100
MNC,20120411,4.2,0,0,4.2,0
NAG,20120411,3.4,3.4,3.3,3.4,15200
NBC,20120411,19.7,20.9,19.7,20.9,166000
NBP,20120411,14.9,15,14.9,15,17100
NDN,20120411,9.5,9.5,8.7,9.5,198600
NET,20120411,39,39,39,39,100
NGC,20120411,7.8,7.8,7.8,7.8,100
NHA,20120411,4.9,5.1,4.9,5.1,78000
NHC,20120411,27.7,28.1,26.8,28.1,7000
NIS,20120411,4.8,0,0,4.8,0
NLC,20120411,13.6,14.2,13.6,13.8,7100
NPS,20120411,11.5,11.5,11.5,11.5,100
NSN,20120411,4.6,4.6,4.3,4.3,2200
NST,20120411,12.3,12.5,12.3,12.5,5900
NTP,20120411,46.5,47,45,45,70600
NVB,20120411,7.8,8,7.8,8,20100
NVC,20120411,3.3,3.4,3.2,3.3,81700
OCH,20120411,19.7,20.1,19.6,19.8,106200
ONE,20120411,6.6,6.9,6.6,6.9,3800
ORS,20120411,4.4,4.6,4.3,4.3,574800
PCG,20120411,5.3,5.4,4.9,5.4,17800
PCT,20120411,3.5,3.5,3.3,3.4,26100
PDC,20120411,4.2,4.4,4.2,4.4,65400
PFL,20120411,6.1,6.3,5.9,6.3,1374200
PGS,20120411,22.3,22.5,21.9,22.3,341900
PGT,20120411,3.8,3.8,3.7,3.8,43100
PHC,20120411,5.9,6.1,5.9,6,8500
PHH,20120411,6,6.1,5.9,6.1,63300
PHS,20120411,5.2,5.2,4.6,5,47400
PIV,20120411,7.6,0,0,7.6,0
PJC,20120411,13.9,0,0,13.9,0
PLC,20120411,18.1,18.6,17.9,18.5,97600
PMC,20120411,20.5,20.6,20.5,20.6,1400
PMS,20120411,8.1,0,0,8.1,0
POT,20120411,8.8,9.1,8.8,9,56200
PPE,20120411,5.8,5.8,5.8,5.8,100
PPG,20120411,4.2,4.5,4.2,4.4,17500
PPP,20120411,8,8,8,8,100
PPS,20120411,16.8,17.1,16.7,17,422100
PRC,20120411,7.1,7.1,7.1,7.1,100
PSC,20120411,12.6,0,0,12.6,0
PSG,20120411,5,5,4.9,5,814500
PSI,20120411,6.5,6.8,6.5,6.6,502400
PTI,20120411,9.9,9.9,9.6,9.9,52200
PTM,20120411,9,9,9,9,300
PTS,20120411,6.9,7.3,6.9,7.3,7700
PV2,20120411,6,6.1,5.9,6.1,212100
PVA,20120411,13.4,13.4,12.6,13.1,1046200
PVC,20120411,15.5,16,15.4,15.8,247400
PVE,20120411,11.5,12,11.5,11.8,86000
PVG,20120411,12.9,13.2,12.8,13.1,729700
PVI,20120411,18.5,18.9,18.5,18.6,85900
PVL,20120411,7.1,7.3,7,7.3,2027200
PVR,20120411,6.6,7,6.6,6.9,8600
PVS,20120411,16.8,17.4,16.6,17.2,1929800
PVV,20120411,6.8,6.8,6.7,6.8,92100
PVX,20120411,11.6,12.1,11.5,12.1,10415000
PXA,20120411,5.3,5.5,5,5.2,799000
QCC,20120411,2.9,0,0,2.9,0
QHD,20120411,5.7,5.7,5.7,5.7,200
QNC,20120411,7.1,7.4,7.1,7.4,88900
QST,20120411,10.4,0,0,10.4,0
QTC,20120411,18.6,20.5,17.9,20.5,34000
RCL,20120411,16.4,17.2,16.4,17.2,25800
RHC,20120411,11.6,11.6,11.6,11.6,1600
S12,20120411,4.6,4.9,4.6,4.9,9100
S27,20120411,3,3,2.9,2.9,2200
S55,20120411,23,23,22.3,22.3,300
S64,20120411,7.4,8.1,7.4,8.1,3400
S74,20120411,7.5,7.7,7.4,7.4,7000
S91,20120411,5.1,5.1,5.1,5.1,1800
S96,20120411,8,8.4,8,8.4,598900
S99,20120411,6.7,6.9,6.6,6.9,124800
SAF,20120411,31.3,31.3,31.3,31.3,200
SAP,20120411,5,5.4,5,5.4,500
SCC,20120411,3.4,3.4,3.3,3.3,9300
SCJ,20120411,9.5,9.8,9.5,9.8,45200
SCL,20120411,5.2,5.5,5.2,5.5,41500
SCR,20120411,12.3,12.6,12.1,12.6,3056300
SD1,20120411,6.1,6.4,6.1,6.4,5400
SD2,20120411,9.2,9.9,9.2,9.9,105200
SD3,20120411,5.1,5.2,5,5.1,155400
SD4,20120411,4.7,4.9,4.7,4.9,12600
SD5,20120411,20.8,20.8,20.8,20.8,1700
SD6,20120411,9.2,9.5,8.8,9.3,190100
SD7,20120411,10.9,11.4,10.8,11.4,183100
SD8,20120411,4.7,4.7,4.7,4.7,500
SD9,20120411,9.8,10.1,9.8,10.1,348500
SDA,20120411,8.2,8.6,8.2,8.6,309500
SDB,20120411,3.4,3.4,3.3,3.3,3300
SDC,20120411,9.4,9.4,9,9.4,3300
SDD,20120411,5.2,5.5,5.2,5.5,972600
SDE,20120411,6.2,6.2,5.6,5.6,10000
SDG,20120411,28,28,28,28,100
SDH,20120411,7.6,7.9,7.6,7.9,1145900
SDJ,20120411,5,5,4.5,4.9,1200
SDN,20120411,14.1,14.1,14.1,14.1,100
SDP,20120411,6.3,6.5,5.9,6.5,127800
SDS,20120411,7.6,0,0,7.6,0
SDT,20120411,13.6,13.9,13.6,13.9,143600
SDU,20120411,9.3,9.5,9.3,9.5,27300
SDY,20120411,3.2,3.2,3.2,3.2,200
SEB,20120411,13,13,13,13,1100
SED,20120411,8.1,8.2,8.1,8.2,9500
SEL,20120411,5,5.3,5,5.3,62500
SFN,20120411,8.9,8.9,8.9,8.9,100
SGC,20120411,25,25,25,25,100
SGD,20120411,6.8,7,6.8,7,4900
SGH,20120411,48,0,0,48,0
SHB,20120411,10.7,11,10.5,10.8,2267200
SHC,20120411,3.9,4.3,3.9,4.3,4000
SHN,20120411,2.7,2.8,2.6,2.8,3017500
SHS,20120411,7.3,7.5,6.9,7.1,2120100
SIC,20120411,7.6,7.8,7.5,7.8,24600
SJ1,20120411,23,23,23,23,200
SJC,20120411,9.2,9.4,9.1,9.4,10200
SJE,20120411,9.2,9.2,8.8,9,12800
SJM,20120411,3.4,3.7,3.4,3.7,59000
SKS,20120411,8.9,8.9,8.6,8.9,2700
SME,20120411,1.3,0,0,1.3,0
SMT,20120411,3.7,3.9,3.6,3.9,13900
SNG,20120411,15,15.6,15,15.6,21800
SPP,20120411,18.5,18.5,18.5,18.5,200
SQC,20120411,84,84,84,84,100
SRA,20120411,5,5.1,4.8,5,15600
SRB,20120411,4.5,4.8,4.5,4.8,255000
SSG,20120411,5.5,0,0,5.5,0
SSM,20120411,8.2,8.5,8,8.5,33900
SSS,20120411,4.4,4.7,4.4,4.7,6500
STC,20120411,7.1,7.3,7.1,7.3,2600
STL,20120411,9.4,9.7,9.4,9.7,328500
STP,20120411,12.2,12.8,12.2,12.8,177800
SVN,20120411,34,0,0,34,0
SVS,20120411,5.1,5.2,5,5.2,36100
TAG,20120411,28.8,29,28,28,3600
TAS,20120411,5.8,5.8,5.6,5.8,50500
TBX,20120411,13.5,13.5,13.5,13.5,24000
TC6,20120411,19.4,20.5,19.2,20.5,56700
TCS,20120411,14.8,15.6,14.6,15.6,179800
TCT,20120411,59,59,58.9,58.9,3300
TDN,20120411,17,17.9,17,17.9,69800
TET,20120411,19,0,0,19,0
TH1,20120411,24.4,24.4,24.4,24.4,100
THB,20120411,12.7,12.8,12.4,12.7,63300
THT,20120411,22.3,23.6,22.3,23.6,56000
THV,20120411,3.5,3.6,3.3,3.5,1301500
TIG,20120411,4.5,4.7,4.3,4.6,168600
TJC,20120411,3.7,3.7,3.7,3.7,300
TKC,20120411,6.8,6.9,6.2,6.8,30000
TKU,20120411,6.5,6.7,6.5,6.7,1200
TLC,20120411,2.9,3.1,2.9,3.1,35600
TLT,20120411,3.7,3.9,3.6,3.8,56100
TMC,20120411,10.3,10.3,10.3,10.3,700
TMX,20120411,9.2,9.2,9.2,9.2,1000
TNG,20120411,9.5,9.6,9.3,9.5,193300
TPH,20120411,5,5,5,5,500
TPP,20120411,7.3,7.7,7.3,7.7,14400
TSB,20120411,8,0,0,8,0
TSM,20120411,5.6,5.6,5.6,5.6,100
TST,20120411,6,6.3,6,6.3,17900
TTC,20120411,3.2,3.4,3.2,3.4,32400
TV2,20120411,11.9,12,11.9,12,16000
TV3,20120411,12,12,12,12,2000
TV4,20120411,10.5,11.2,10.5,11,15800
TVD,20120411,14.6,15,14.3,15,154600
TXM,20120411,3.7,3.7,3.5,3.6,44300
UNI,20120411,6.6,6.7,6.4,6.7,219800
V11,20120411,2.8,3,2.8,3,11200
V12,20120411,7.4,7.4,7.2,7.4,33100
V15,20120411,5.2,5.4,5,5.4,324200
V21,20120411,15.7,15.7,15.7,15.7,100
VAT,20120411,4.1,4.2,4,4.2,32400
VBC,20120411,17.7,17.7,17.7,17.7,100
VBH,20120411,17.8,17.8,17.8,17.8,100
VC1,20120411,16.7,17,16.3,17,18700
VC2,20120411,13.5,14.1,13.5,14.1,2600
VC3,20120411,21.9,21.9,21.9,21.9,600
VC5,20120411,8,8.3,7.5,8.3,37000
VC6,20120411,8.9,8.9,8.8,8.8,1900
VC7,20120411,8.3,8.9,8.3,8.9,3400
VC9,20120411,7.3,7.7,7.3,7.7,12900
VCC,20120411,10.5,10.5,10,10,7500
VCG,20120411,13.3,13.9,13.2,13.9,3805400
VCH,20120411,2.9,3,2.9,3,1200
VCM,20120411,12.5,13.1,12.5,13,3500
VCR,20120411,5.9,5.9,5.6,5.9,111000
VCS,20120411,13.6,13.6,13.5,13.5,22600
VCV,20120411,2.8,0,0,2.8,0
VDL,20120411,38.4,38.4,38.4,38.4,3700
VDS,20120411,5.6,5.8,5.6,5.8,53200
VE1,20120411,3.7,3.7,3.6,3.7,48900
VE2,20120411,5.2,0,0,5.2,0
VE3,20120411,5.9,0,0,5.9,0
VE9,20120411,9.3,9.5,9,9.5,44200
VFR,20120411,9.7,10,9.6,9.9,238400
VGP,20120411,13.4,13.5,13.4,13.5,700
VGS,20120411,6.4,6.6,6.3,6.6,1346200
VHH,20120411,2.9,3,2.8,3,21100
VHL,20120411,21.8,22,20,21.8,10200
VIE,20120411,12,12.8,12,12.8,800
VIG,20120411,4.6,4.7,4.5,4.5,1457500
VIT,20120411,5.6,5.6,5.6,5.6,100
VIX,20120411,7.2,7.2,7.2,7.2,3100
VKC,20120411,5.2,5.3,5.1,5.2,340600
VLA,20120411,8.4,8.5,8.4,8.5,1700
VMC,20120411,22.4,0,0,22.4,0
VMG,20120411,4.3,0,0,4.3,0
VNC,20120411,14.9,14.9,14.9,14.9,14700
VND,20120411,12.6,13.1,12.3,12.8,7155800
VNF,20120411,32,32,32,32,500
VNR,20120411,11.2,11.8,11.2,11.6,23000
VNT,20120411,14,14,13.8,13.8,2500
VSP,20120411,3.5,3.5,3.3,3.5,146400
VTC,20120411,3.3,3.4,3.3,3.4,4500
VTL,20120411,35.3,35.3,35.3,35.3,10200
VTS,20120411,17,17,17,17,100
VTV,20120411,7.9,8,7.9,7.9,20800
VXB,20120411,9.9,9.9,9.9,9.9,100
WCS,20120411,38,38.4,38,38.4,1000
WSS,20120411,6.8,7,6.6,6.9,2126000
XMC,20120411,9,9.2,8.8,9.2,28200
YBC,20120411,13,13.1,12.6,12.6,1600
